[[ 0.91597364  1.29297808]
 [ 0.91597364  1.29297808]
 [ 0.91597364  1.29297808]
 [ 0.91597364  1.29297808]]
[[ 0.83610392  1.22401657]
 [ 0.83610392  1.22401657]
 [ 0.83610392  1.22401657]
 [ 0.83610392  1.22401657]]
[[ 0.73318566  1.14620872]
 [ 0.73318566  1.14620872]
 [ 0.73318566  1.14620872]
 [ 0.73318566  1.14620872]]
[[ 0.61212162  1.06261882]
 [ 0.61212162  1.06261882]
 [ 0.61212162  1.06261882]
 [ 0.61212162  1.06261882]]
[[ 0.47910374  0.98005975]
 [ 0.47910374  0.98005975]
 [ 0.47910374  0.98005975]
 [ 0.47910374  0.98005975]]
[[ 0.36281899  0.90510369]
 [ 0.36281899  0.90510369]
 [ 0.36281899  0.90510369]
 [ 0.36281899  0.90510369]]
[[ 0.29498767  0.84763249]
 [ 0.29498767  0.84763249]
 [ 0.29498767  0.84763249]
 [ 0.29498767  0.84763249]]
[[ 0.26078458  0.82275971]
 [ 0.26078458  0.82275971]
 [ 0.26078458  0.82275971]
 [ 0.26078458  0.82275971]]
[[ 0.24338165  0.82091063]
 [ 0.24338165  0.82091063]
 [ 0.24338165  0.82091063]
 [ 0.24338165  0.82091063]]
[[ 0.23325726  0.83093001]
 [ 0.23325726  0.83093001]
 [ 0.23325726  0.83093001]
 [ 0.23325726  0.83093001]]
[[ 0.22768254  0.84791827]
 [ 0.22768254  0.84791827]
 [ 0.22768254  0.84791827]
 [ 0.22768254  0.84791827]]
[[ 0.22698589  0.87045495]
 [ 0.22698589  0.87045495]
 [ 0.22698589  0.87045495]
 [ 0.22698589  0.87045495]]
[[ 0.23122377  0.89800446]
 [ 0.23122377  0.89800446]
 [ 0.23122377  0.89800446]
 [ 0.23122377  0.89800446]]
[[ 0.23870215  0.92816617]
 [ 0.23870215  0.92816617]
 [ 0.23870215  0.92816617]
 [ 0.23870215  0.92816617]]
[[ 0.24757604  0.95823289]
 [ 0.24757604  0.95823289]
 [ 0.24757604  0.95823289]
 [ 0.24757604  0.95823289]]
[[ 0.25670522  0.98675351]
 [ 0.25670522  0.98675351]
 [ 0.25670522  0.98675351]
 [ 0.25670522  0.98675351]]
[[ 0.26542552  1.01327619]
 [ 0.26542552  1.01327619]
 [ 0.26542552  1.01327619]
 [ 0.26542552  1.01327619]]
[[ 0.27333282  1.03782391]
 [ 0.27333282  1.03782391]
 [ 0.27333282  1.03782391]
 [ 0.27333282  1.03782391]]
[[ 0.28017364  1.06052597]
 [ 0.28017364  1.06052597]
 [ 0.28017364  1.06052597]
 [ 0.28017364  1.06052597]]
[[ 0.2858063   1.08143839]
 [ 0.2858063   1.08143839]
 [ 0.2858063   1.08143839]
 [ 0.2858063   1.08143839]]
[[ 0.29069582  1.10120443]
 [ 0.29069582  1.10120443]
 [ 0.29069582  1.10120443]
 [ 0.29069582  1.10120443]]
[[ 0.29801627  1.12449622]
 [ 0.29801627  1.12449622]
 [ 0.29801627  1.12449622]
 [ 0.29801627  1.12449622]]
[[ 0.31149113  1.15609933]
 [ 0.31149113  1.15609933]
 [ 0.31149113  1.15609933]
 [ 0.31149113  1.15609933]]
[[ 0.32234466  1.17836437]
 [ 0.32234466  1.17836437]
 [ 0.32234466  1.17836437]
 [ 0.32234466  1.17836437]]
[[ 0.3374462   1.20616647]
 [ 0.3374462   1.20616647]
 [ 0.3374462   1.20616647]
 [ 0.3374462   1.20616647]]
[[ 0.36987728  1.26479098]
 [ 0.36987728  1.26479098]
 [ 0.36987728  1.26479098]
 [ 0.36987728  1.26479098]]
[[ 0.41266561  1.34206525]
 [ 0.41266561  1.34206525]
 [ 0.41266561  1.34206525]
 [ 0.41266561  1.34206525]]
[[ 0.46452302  1.43467404]
 [ 0.46452302  1.43467404]
 [ 0.46452302  1.43467404]
 [ 0.46452302  1.43467404]]
[[ 0.55240813  1.59014533]
 [ 0.55240813  1.59014533]
 [ 0.55240813  1.59014533]
 [ 0.55240813  1.59014533]]
[[ 0.6009137   1.67577844]
 [ 0.6009137   1.67577844]
 [ 0.6009137   1.67577844]
 [ 0.6009137   1.67577844]]